阻挡	12580	0.693147	0.693147
锻炼	12580	0.693147	0.693147
牵挂	12580	0.693147	0.693147
樱桃	12580	0.693147	0.693147
挣扎	8386.67	0.693147	0.693147
喉咙	8386.67	0.693147	0.693147
僵硬	8386.67	0.693147	0.693147
骄傲	6290	0.693147	0.693147
禁忌	6290	0.693147	0.693147
犹豫	6290	0.693147	0.693147
牺牲	6290	1.03972	1.38629
招募	6290	0.693147	0.693147
吸引	6290	0.693147	0.693147
勾搭	6290	0.693147	0.693147
齐舞	5591.11	0.693147	0.693147
豆浆	5032	0.636514	0.636514
蜡烛	5032	1.38629	1.03972
联盟	5032	0.693147	0.693147
答辩	5032	0.693147	0.693147
魔杖	4193.33	0.693147	0.693147
选择	4193.33	0.693147	1.03972
肇庆	4193.33	1.38629	0.693147
珍珠	4193.33	0.693147	0.693147
教育	4193.33	0.693147	0.693147
嘣吧啦诶	4193.33	0.693147	0.693147
刺激	4193.33	0.693147	0.693147
蛤蛤	4025.6	0.562335	0.562335
纤维	3774	0.636514	1.09861
黄蓉	3594.29	1.03972	0.950271
贸易	3594.29	1.09861	1.09861
肇庆地区	3594.29	0.693147	0.693147
告诉	3594.29	0.693147	0.693147
抵抗	3354.67	1.38629	1.38629
馋嘴馋嘴	3145	0.693147	0.693147
馋嘴	3145	1.03972	1.03972
降临	3145	1.05492	1.05492
邮箱	3145	0.693147	0.693147
轻松	3145	0.636514	0.636514
蛤蛤蛤蛤	3145	0.693147	0.693147
膳食	3145	0.693147	0.693147
滋味	3145	0.693147	0.693147
唧唧	3145	0.693147	0.693147
优惠	3145	0.693147	0.693147
欺负	3019.2	1.09861	1.09861
投票	3019.2	1.05492	1.05492
专辑	3019.2	0.636514	0.693147
秘密	2995.24	0.500402	1.60944
脆弱	2795.56	0.693147	0.693147
拼命	2795.56	0.693147	0.693147
彻底	2795.56	0.693147	0.693147
历史	2795.56	0.693147	0.693147
伊莱克斯	2795.56	0.693147	0.636514
漫画	2695.71	1.09861	1.09861
呜呜呜呜	2695.71	0.636514	0.636514
尼玛	2620.83	1.79176	1.94591
呜呜	2567.35	0.500402	0.500402
健康	2567.35	1.33218	1.03972
肇庆午饭	2516	0.693147	0.693147
省略	2516	0.693147	0.693147
珍惜	2516	1.38629	1.38629
显示	2516	0.693147	0.693147
奋斗	2516	1.09861	1.09861
甜蜜	2396.19	1.90615	1.67699
怀念	2396.19	1.38629	1.38629
豪爽	2358.75	0.636514	0.636514
包括	2287.27	0.693147	0.693147
赶紧	2246.43	1.74787	1.54983
吵架	2236.44	1.09861	1.38629
调侃	2096.67	0.693147	0.693147
翻谱	2096.67	0.693147	0.693147
碰巧	2096.67	0.693147	0.693147
狗狗	2096.67	0.636514	1.09861
兄弟	2096.67	1.33218	1.03972
毕业	2012.8	1.38629	1.33218
噢耶噢耶	2012.8	0.693147	0.693147
噢耶	1965.62	1.33218	1.05492
模板	1960.52	0.693147	0.693147
脑袋	1935.38	0.693147	0.693147
香烟	1863.7	1.09861	1.09861
评论	1797.14	0.693147	0.693147
结束	1797.14	0.693147	0.693147
淡泊	1797.14	0.693147	0.693147
悲催	1797.14	0.693147	0.693147
休息	1797.14	0.636514	1.09861
买碳纤维	1797.14	0.693147	0.693147
减肥	1747.22	1.33218	0.950271
温馨	1677.33	0.693147	0.693147
温暖	1677.33	1.03972	1.03972
沈阳	1677.33	1.09861	1.09861
杂志	1677.33	1.09861	1.09861
早餐	1677.33	0.693147	1.09861
含义	1677.33	0.693147	0.693147
冠军	1677.33	1.38629	1.38629
农民	1677.33	0.693147	0.693147
兴趣	1677.33	0.636514	1.09861
兴奋	1677.33	0.693147	0.693147
存储	1633.77	0.693147	0.693147
磨破	1572.5	0.693147	0.693147
目标	1572.5	1.09861	1.09861
武林	1572.5	1.09861	1.09861
宣传	1572.5	1.09861	1.09861
影响	1509.6	1.38629	1.38629
永远	1505.3	1.94591	1.54983
风风雨雨	1480	0.693147	0.693147
甚至	1480	0.693147	0.693147
继续	1451.54	1.33218	1.56071
啤酒	1451.54	0.636514	1.09861
答案	1437.71	0.693147	0.693147
团队	1437.71	0.693147	0.693147
简单	1397.78	1.38629	0.562335
奶奶	1397.78	0.693147	0.693147
威武	1375.94	1.56071	1.74787
视频	1356.67	1.09861	1.34979
沉默	1347.86	1.09861	1.09861
宿舍	1347.86	1.09861	1.09861
清晰	1324.21	0.693147	0.693147
挤眼	1324.21	1.09861	1.09861
衣服	1270.71	1.33218	1.60944
金庸	1258	0.562335	1.03972
网络	1258	1.09861	0.636514
木兰	1258	1.09861	1.09861
形象	1258	0.693147	0.693147
干杯干杯	1258	0.693147	0.693147
召唤手哥	1258	0.693147	0.693147
优雅	1258	1.09861	1.09861
东方不败	1258	1.03972	1.03972
绽放	1198.1	0.950271	1.0114
废物	1198.1	0.693147	0.693147
师范	1198.1	0.693147	0.693147
师傅	1198.1	0.693147	0.693147
精彩	1179.38	1.03972	1.09861
消化	1179.38	0.636514	0.636514
帮派	1143.64	0.693147	0.693147
客栈	1143.64	0.636514	1.09861
准备	1143.64	1.60944	1.60944
纠结	1123.21	1.79176	1.79176
楼房	1118.22	0.693147	0.693147
伊斯	1118.22	0.693147	0.693147
邝中加油	1110	0.693147	1.09861
江湖	1110	1.86886	2.00971
城市	1110	0.867563	0.867563
牛仔	1078.29	1.09861	0.636514
游戏	1057.14	1.33218	1.33218
组合	1048.33	1.09861	1.09861
男士短袖	1048.33	1.09861	0.636514
光阴	1048.33	0.693147	0.693147
晕晕	1026.94	0.693147	0.693147
威武威武	1026.94	0.693147	0.693147
韩寒	1006.4	0.693147	0.693147
另一半长	967.692	0.693147	0.693147
陪伴	931.852	0.693147	0.693147
跑边	931.852	0.693147	0.693147
旁边	931.852	1.38629	1.03972
抱抱抱抱	931.852	0.636514	0.636514
悲伤悲伤	931.852	0.636514	0.636514
张玮	931.852	0.636514	0.735622
张坤	931.852	0.693147	0.693147
广州	931.852	0.693147	0.693147
保护	931.852	1.09861	1.09861
按照	914.909	0.693147	0.693147
傻逼	914.909	1.09861	1.38629
强烈	911.594	1.38629	1.05492
练习	898.571	0.693147	0.693147
试卷	875.13	1.03972	1.38629
慢慢	873.611	1.33218	1.03972
呵呵	873.611	1.33218	1.56071
经理接听	867.586	0.636514	0.636514
月日今夜	867.586	1.03972	0.562335
颈部	857.727	1.03972	1.03972
比较	857.727	1.09861	1.09861
充值	857.727	1.03972	1.03972
颁奖	838.667	1.09861	1.09861
韩版修身	838.667	0.693147	0.693147
缠身	838.667	1.09861	1.09861
炒作	838.667	1.60944	1.60944
歌词	838.667	0.693147	0.693147
工作	838.667	1.56071	1.24245
清楚	827.632	1.60944	1.03972
萨姐	820.435	0.693147	1.09861
朵花	811.613	0.693147	0.693147
熬夜	806.41	1.60944	1.38629
全球	805.12	1.03972	1.03972
群众	798.73	0.693147	0.693147
童鞋	798.73	1.03972	0.693147
西瓜	794.526	1.09861	1.09861
问题	786.25	0.562335	1.38629
节奏	786.25	0.693147	0.693147
惬意	786.25	0.636514	0.636514
咯咯	786.25	1.09861	1.09861
各位	786.25	1.09861	0.636514
专线	774.154	0.693147	0.693147
认识	770.204	1.60944	1.56071
勇敢	770.204	0.636514	0.693147
关注	770.204	1.73287	1.88916
服务	762.424	0.693147	0.693147
帮忙	762.424	0.636514	0.636514
帮助	762.424	0.693147	0.693147
文凭	740	0.693147	0.693147
周末	729.275	1.38629	1.38629
错误	725.769	0.636514	1.09861
英语	725.769	1.09861	1.09861
疯狂	718.857	0.693147	0.693147
期待	718.857	2.16396	2.19722
宁静	718.857	0.693147	0.693147
东西	706.246	1.49418	2.07944
链接	698.889	0.693147	0.693147
虽然	698.889	1.38629	1.60944
系统	698.889	0.693147	0.693147
恤男	698.889	0.693147	0.693147
总攻	698.889	0.693147	0.693147
传统	698.889	0.693147	0.693147
希望	688.641	2.91743	2.64053
午饭	686.182	0.636514	1.09861
参与	667.121	1.09861	1.35178
顺利	645.128	1.33218	0.950271
读者	645.128	0.693147	0.693147
环境	645.128	0.693147	0.693147
主页	645.128	0.693147	0.693147
粉丝	635.621	2.13833	2.13833
免费	630.576	1.6782	1.35924
架架	621.235	0.693147	0.693147
空间	616.667	0.693147	0.693147
遇见	604.808	1.33218	1.38629
武侠	604.808	1.05492	1.05492
而且	599.048	1.38629	1.03972
简约	599.048	0.693147	0.693147
放弃	599.048	1.38629	1.38629
非常	588.538	1.09861	1.38629
喜欢	587.067	2.53937	2.30343
品牌	587.067	0.796312	0.796312
加油	585.116	2.39331	2.5993
连续	580.615	1.56071	1.32966
经典	578.391	1.03972	1.03972
信息	577.653	0.683739	0.683739
问女何所	571.818	0.693147	0.693147
图片	559.733	1.33715	1.51061
百万	559.111	1.05492	1.33218
尽管	559.111	1.09861	1.09861
官方	559.111	1.03972	0.693147
千万	559.111	1.38629	1.38629
顺便	552.967	0.693147	0.693147
群侠	552.967	0.693147	0.693147
其实	549.127	2.30259	2.27187
回馈	546.957	1.0114	1.0114
顺利希望	539.143	0.636514	0.636514
努力	535.319	2.56495	2.45831
电脑	527.832	0.450561	0.450561
霸气	524.167	0.693147	0.693147
适合	524.167	0.867563	1.79176
背景	524.167	0.693147	0.693147
泪流满面	524.167	0.735622	0.410116
价格	524.167	0.693147	0.693147
黑色	513.469	0.693147	0.693147
记录	508.283	0.693147	0.693147
排名	508.283	0.693147	0.693147
思考	508.283	1.09861	1.09861
正式	503.2	0.693147	0.693147
干嘛	503.2	0.693147	0.693147
互粉	503.2	1.33218	1.33218
领取	493.333	0.636514	0.636514
点将三国	493.333	0.693147	0.693147
本科	493.333	0.693147	0.693147
旅游	493.333	0.693147	0.693147
欢迎	479.238	1.60944	1.05492
播放	479.238	0.693147	0.693147
推销	479.238	0.693147	0.693147
幸福	470.68	2.36938	2.02281
支持	470.388	2.86991	2.84248
艾特	465.926	1.09861	1.09861
祝福小编	465.926	0.636514	0.636514
知道	465.263	1.56803	2.9915
电影	457.455	1.03972	1.38629
所谓	457.455	0.562335	1.09861
左右	457.455	0.693147	0.693147
降雨	449.286	0.693147	0.693147
从哪	449.286	0.693147	0.693147
经历	433.793	1.09861	0.636514
咳出	433.793	0.693147	0.693147
免费使用	433.793	0.673012	1.33218
付出	433.793	1.09861	1.03972
终于	431.314	2.04319	2.19722
或者	430.085	0.693147	0.693147
根本	422.857	1.09861	1.09861
市买	422.857	1.38629	1.38629
吹风	422.857	0.693147	0.693147
说话算话	419.333	0.636514	0.636514
脖子	419.333	0.693147	0.693147
肚子	419.333	0.693147	0.693147
披着被子	419.333	0.693147	0.693147
平静	419.333	1.09861	1.09861
属于	419.333	1.90615	1.90615
居然	419.333	0.636514	0.636514
吃醋	419.333	1.03972	1.09861
低调	419.333	0.693147	0.693147
美丽	417.94	1.94591	1.47508
怒怒	415.868	0.693147	0.693147
忘记	415.868	1.60944	1.60944
黑线	414.725	1.09861	0.636514
室友	405.806	0.693147	0.693147
产品	402.56	0.693147	0.693147
失败	399.365	1.09861	1.09861
报道	397.263	1.09861	1.09861
照片	394.357	1.60944	1.33218
打折	393.125	0.636514	1.09861
突然想起	387.077	0.693147	1.09861
欢迎大家	387.077	0.693147	0.693147
崛起	387.077	0.693147	0.693147
口语	387.077	0.693147	0.693147
厂家	387.077	0.693147	0.693147
成功	383.39	1.55958	1.55958
邝中	381.212	1.09861	0.562335
右边	381.212	0.693147	1.09861
应该	378.346	1.03972	1.60944
理由	370	0.693147	0.693147
改变	365.964	1.56071	1.56071
久久不能	364.638	0.693147	0.693147
基友	360.717	1.38629	1.09861
老婆	359.429	0.693147	0.693147
短信	359.429	0.693147	0.693147
时尚	354.366	0.693147	0.693147
时候	354.366	1.56249	3.11548
半夜	351.888	1.03972	1.38629
真心不错	349.444	0.693147	0.693147
消失	349.444	0.693147	0.693147
明天开始	349.444	0.693147	0.693147
旅行	349.444	0.693147	0.636514
惊喜	349.444	1.05492	0.693147
性格	349.444	0.693147	0.693147
广场	349.444	0.636514	0.636514
赢取	348.235	0.693147	1.03972
后悔	342.313	1.09861	0.693147
被拆	340	0.693147	0.693147
任何	336.364	1.56071	1.32966
处方	335.467	1.03972	1.03972
商品	335.467	1.09861	1.09861
试试	332.93	0.410116	0.450561
刚刚	332.93	0.867563	1.74787
伤悲	332.804	0.500402	0.500402
无限	332.302	0.796312	0.796312
积分	331.676	1.35178	1.35178
充满	331.053	0.693147	0.693147
决定	327.604	1.60944	1.33218
闪电	326.753	0.693147	0.693147
将军	322.564	0.693147	1.09861
新闻	319.831	1.09861	0.693147
风雨	317.143	0.636514	0.636514
已经	315.486	1.38629	1.90615
海外	314.5	0.693147	0.693147
气质	314.5	0.693147	0.693147
同食	314.5	0.636514	0.636514
商量	310.617	0.693147	0.693147
首歌	304.97	0.693147	0.693147
山东	304.97	0.693147	0.693147
名字	304.97	1.03972	1.38629
开始	304.355	1.89379	2.27187
也来试试	303.133	0.450561	0.450561
福利	299.524	1.60944	1.60944
求平	299.524	0.636514	0.636514
幸运	299.524	1.79176	1.79176
分钟	298.508	1.74787	1.74787
网游	296	0.562335	0.562335
文件	296	0.693147	0.693147
卡通	296	0.693147	0.693147
汗汗	294.844	1.09861	0.693147
从此	294.844	1.09861	1.09861
很开心加	292.558	0.693147	0.693147
增加	292.558	0.693147	0.693147
剩下	289.195	0.693147	0.693147
明显	287.543	1.38629	1.38629
化验	285.909	0.693147	0.693147
飞机	283.759	1.60944	1.79176
杯水	279.556	0.636514	0.636514
小编辛苦	279.556	0.693147	0.693147
小编	279.556	2.17005	2.13524
件事	279.556	1.03972	1.09861
老公	276.484	1.38629	1.38629
昨夜	276.484	0.693147	0.693147
音乐	274.074	1.19355	1.74807
孩儿	272.737	1.49418	1.54983
如此	269.571	1.56071	1.56071
派对	267.66	0.693147	0.693147
独特	266.243	0.693147	0.693147
高考	262.083	1.79176	1.79176
让窝	262.083	0.693147	0.693147
目前	262.083	1.32966	1.0114
很多东西	262.083	0.693147	0.693147
各种	262.083	0.693147	0.693147
偷笑偷笑	261.176	1.09861	0.693147
记忆	254.141	0.693147	1.38629
表弟	254.141	0.693147	0.693147
坚持	246.667	1.60944	1.60944
卡牌	246.667	0.693147	0.693147
任务	246.667	0.693147	0.693147
使用	244.009	0.686962	1.67699
抓住	241.923	1.09861	1.09861
成熟	239.619	0.693147	0.693147
毫无	237.358	0.693147	0.693147
身边	232.963	1.38629	1.38629
打架	232.963	0.693147	0.693147
坦然	232.963	0.693147	0.693147
喝杯	232.963	1.05492	1.05492
入住	232.963	0.693147	0.693147
学校	230.122	0.693147	1.09861
网速	228.727	0.693147	0.693147
深处	228.727	0.693147	0.693147
回忆	227.899	1.74787	1.79176
理解	227.692	0.693147	0.693147
流言	224.643	0.693147	0.693147
感冒	224.643	1.38629	1.09861
意识	224.643	1.03972	0.562335
第二	220.702	1.33218	1.60944
杨过	220.702	0.562335	0.562335
睡觉	216.897	2.04319	1.90615
意思	214.432	1.09861	1.09861
正常	211.874	1.38629	1.38629
阳光	209.667	0.693147	0.693147
最近	209.667	0.693147	1.09861
活动	208.364	2.64982	3.34573
药药	207.934	0.693147	0.693147
至少	204.138	1.60944	1.60944
女孩	203.843	1.32966	1.74787
竟然	199.683	0.693147	0.693147
太阳	197.333	1.74787	1.74787
因为	196.562	2.04319	2.02533
饭吃什么	195.039	0.693147	0.693147
想做什么	195.039	0.693147	0.693147
加入	195.039	1.09861	1.09861
老师	192.551	1.09861	1.09861
萌萌	190.246	1.09861	1.09861
姐姐	190.246	1.38629	1.38629
无奈	189.887	0.693147	0.693147
手机	186.748	2.37235	2.37235
搞笑	186.37	0.693147	0.693147
需要	185.455	2.25386	2.48491
市场	185	0.693147	0.693147
支持好活	184.098	1.09861	0.636514
触动	182.319	0.693147	0.693147
萌系	182.319	0.693147	0.693147
出来几个	182.319	0.693147	0.693147
三国	180.889	1.5466	1.97225
因为我们	180.358	0.693147	0.693147
医生	180.358	0.693147	0.693147
飞哥	179.714	0.693147	0.693147
阵子	179.714	0.636514	1.09861
那啥	179.714	0.693147	0.693147
自宫	179.714	0.636514	0.636514
确实	179.714	0.693147	0.693147
相信	179.714	1.33218	1.60944
剧情	179.714	1.09861	1.09861
走进	175.944	0.693147	0.693147
侠客	175.944	1.09861	1.09861
第四	174.722	0.693147	0.693147
加油加油	174.118	0.693147	0.693147
带给	172.667	1.54983	1.47508
怎么	172.093	2.65245	3.05935
结果	171.156	0.693147	0.693147
模特	169.428	0.693147	0.693147
注意	168.482	1.09861	1.09861
输给	167.733	0.693147	0.693147
百变	167.733	0.693147	0.693147
把它	167.733	0.693147	0.693147
奖品	167.733	0.950271	1.79176
能够	165.744	1.79176	1.79176
过程	165.526	0.693147	0.693147
超度	165.526	0.693147	0.693147
花心花心	165.526	0.693147	0.693147
消费	165.526	0.693147	0.693147
开开心心	165.526	0.693147	0.693147
同学	163.642	1.90615	1.90615
神器	161.282	0.693147	0.693147
相关	159.746	0.693147	0.693147
这个世界	159.241	1.09861	1.09861
记住	158.838	1.60944	1.33218
得罪	158.239	0.693147	0.693147
经验	157.743	0.693147	0.693147
六月	157.743	1.09861	1.38629
难受	157.25	0.693147	0.693147
确定	157.25	0.693147	0.693147
连续两天	156.273	0.693147	0.693147
看看这些	155.309	0.693147	0.693147
特别	155.309	1.60944	1.33218
响起	154.831	0.693147	0.693147
学习	153.415	0.693147	0.693147
表情	152.485	0.37677	0.37677
离开	152.177	1.09861	1.09861
大家快来	148.876	0.636514	0.636514
公主	148.876	0.693147	0.693147
获得	148.349	1.0889	0.639032
就是这样	148	0.693147	0.693147
赶快	147.422	1.09861	1.09861
气场	147.422	1.09861	0.636514
属于自己	146.706	0.693147	0.693147
可以	146.688	3.09046	3.19315
绝对	145.996	1.09861	1.09861
礼品	143.771	0.693147	0.693147
新娘	142.147	0.693147	0.693147
补过	141.88	1.09861	1.09861
单身	139.778	0.693147	0.693147
哈狼	139.006	0.693147	0.693147
也许	137.788	1.60944	0.950271
感觉	137.282	1.54031	2.14584
无论	135.633	0.693147	0.693147
级成	134.786	0.636514	0.636514
电视	134.545	0.693147	0.693147
国际	134.545	1.09861	1.09861
真的很想	134.187	0.693147	0.693147
直接	133.122	0.693147	0.693147
会员	133.122	1.0822	1.0822
收费	132.421	1.38629	0.562335
运气	131.042	1.03972	1.38629
流量	131.042	0.693147	1.09861
如何	130.701	1.09861	1.38629
肿么	130.026	0.693147	0.693147
独自	128.367	1.09861	1.09861
中转发赢	127.071	0.693147	0.693147
辈子	125.8	0.636514	1.09861
全场	125.8	0.693147	0.693147
太帅	123.333	0.693147	0.693147
外国	123.333	0.693147	0.693147
国外	123.333	0.693147	0.693147
什么都没	123.333	0.693147	0.693147
实名	122.532	0.636514	0.636514
考试	121.546	0.693147	0.693147
男神	120.962	0.636514	1.09861
武将	120.962	0.693147	0.693147
愿意	120.962	0.693147	0.693147
区别	119.81	0.693147	0.693147
很好很好	118.679	1.09861	1.09861
好贱好贱	118.679	0.693147	0.693147
好贱	118.679	0.636514	0.636514
好好休息	118.679	0.693147	0.693147
另一个人	118.679	0.693147	0.693147
为了一个	116.481	0.693147	0.693147
早起	116.123	0.636514	0.693147
生病	115.945	1.03972	0.636514
月日	115.678	1.74787	1.38629
物让	112.321	0.636514	0.636514
淡定	112.321	0.693147	0.693147
感受	112.321	1.38629	0.562335
身体	111.822	0.693147	0.693147
星座	111.822	0.693147	0.693147
他妈	111.229	1.33218	1.60944
地区	111.163	0.636514	1.09861
有些东西	109.869	0.693147	0.693147
电话	108.918	1.03972	1.03972
明白	107.829	1.09861	1.09861
梦想	107.349	1.973	2.19722
新增	106.61	0.37677	0.37677
失去	105.892	1.79176	1.24245
获奖	104.833	0.693147	0.693147
提前	104.833	0.693147	0.693147
所思	103.967	0.693147	0.693147
大家也来	103.967	0.693147	0.693147
马上	102.694	0.693147	0.693147
内心	101.862	1.88916	2.02533
傻笑	101.657	1.09861	1.09861
性感	99.8413	1.09861	1.38629
知识	97.1429	0.693147	0.693147
手哥	96.7692	0.636514	1.09861
大家一起	95.303	1.09861	1.09861
给力支持	94.409	0.693147	0.693147
据说	93.1852	0.693147	0.693147
房子	93.1852	0.693147	0.693147
弟子	93.1852	0.693147	0.693147
孩子	93.1852	1.33218	1.60944
坏笑	93.1852	0.693147	0.693147
让她	92.5	0.693147	0.693147
长期	92.1612	1.09861	0.636514
更多	92.008	1.15959	1.15959
这些都是	91.8248	0.693147	0.693147
是我们最	91.8248	0.693147	0.693147
是实名卡	91.8248	0.693147	0.693147
生命	90.1792	1.09861	1.09861
头痛	89.697	0.693147	0.693147
昨天	89.299	1.09861	1.38629
对方	89.2199	1.60944	1.60944
大赛	89.2199	0.693147	0.693147
感谢	86.4011	1.38629	1.33218
拥有	86.3256	1.58903	2.25386
路上	86.2629	0.867563	1.60944
明星	86.2629	1.09861	0.636514
之后	85.5782	1.60944	1.60944
失望	84.7138	0.693147	0.693147
着她	83.7736	0.636514	0.636514
高二	82.7632	0.693147	0.693147
难过	82.7632	1.60944	1.05492
眼泪	82.7632	1.09861	1.09861
满意	82.7632	0.693147	0.693147
留下	82.6273	0.693147	0.693147
推出	82.6273	1.38629	1.03972
年月	82.6273	1.09861	1.38629
玩法	82.2222	0.693147	0.693147
事情	81.537	0.410116	1.74787
两种	80.641	0.693147	0.693147
就算	80.2296	1.60944	1.60944
死于	79.873	0.693147	0.693147
平安	79.873	0.693147	0.693147
几年	79.873	0.693147	0.693147
法无	79.1195	0.636514	0.636514
无法	79.1195	0.636514	1.09861
无数	79.1195	1.03972	1.03972
指着	79.1195	0.693147	0.693147
聊天	78.1366	1.03972	1.03972
姐妹	78.1366	0.636514	0.636514
十分	77.5347	0.693147	0.693147
最后	77.0204	2.07944	2.04319
傻子	76.2424	0.693147	0.693147
中华	76.2424	0.693147	0.693147
转发赢取	75.7831	0.693147	0.693147
自由	74.881	0.693147	0.693147
真不知道	74.881	0.693147	1.09861
女王	74.881	0.693147	0.693147
哪里	74.881	0.693147	0.693147
来登	74.4379	0.693147	0.693147
原来	74.4379	1.94591	2.07944
到底	74.2183	0.693147	0.693147
懂事	73.5673	0.693147	0.693147
都是自己	73.3528	0.693147	0.693147
精美	73.1395	0.693147	0.693147
拿着	73.0334	0.693147	0.693147
筋了	72.9275	0.693147	0.693147
就坏掉了	72.9275	0.693147	0.693147
太可怕了	72.9275	0.693147	0.693147
于是有了	72.9275	0.693147	0.693147
了我他妈	72.9275	0.693147	0.693147
少数	72.2989	0.693147	0.693147
唱吧	71.8857	0.693147	0.693147
快速	71.4773	0.693147	0.693147
明天	71.4392	2.51641	2.84648
听着	71.2075	1.09861	0.693147
真正	69.8889	1.60944	0.500402
二次	69.6953	0.693147	0.693147
好运	69.2296	1.66817	1.76719
两年	69.1209	1.09861	1.09861
是不是真	68.8686	0.636514	0.636514
另一	68.3696	1.38629	0.693147
刚更	68.3696	0.693147	0.693147
一键分享	68.3696	0.37677	0.37677
一键	68.3696	0.859967	0.585953
一种最美	68.3696	0.693147	0.693147
一捆	68.3696	0.693147	0.693147
一个人很	68.3696	0.693147	0.693147
考学	68.1843	0.693147	0.693147
再也回不	67.8167	0.693147	0.693147
不辞	67.8167	1.09861	1.09861
不离不弃	67.8167	0.693147	0.693147
不是只有	67.8167	0.693147	0.693147
不必很多	67.8167	0.693147	0.693147
清新	67.3327	0.636514	0.636514
没准	67.2727	0.693147	0.693147
多久	66.9149	0.693147	0.693147
实现	66.5608	1.09861	1.09861
每次	66.2105	1.38629	1.60944
未来	66.167	0.950271	1.60944
流行	65.5208	0.636514	0.636514
现在	65.2296	2.45831	2.63906
记得	64.7341	2.04319	1.83102
值得	64.7341	1.09861	1.09861
本周	64.3478	0.693147	0.693147
这是一个	63.6962	0.693147	0.693147
为何	63.5354	1.38629	1.38629
那些	63.4286	1.56071	1.79176
话费	63.0576	1.38629	1.38629
再见	62.4318	0.693147	0.693147
重点	61.5912	0.693147	0.693147
手推	61.4408	0.562335	0.562335
是每一次	61.2165	0.693147	0.693147
对于	61.1793	1.09861	1.38629
沙发	61.068	0.693147	0.693147
它们	60.6265	0.693147	0.693147
年前	59.9048	1.09861	1.09861
子热	59.9048	0.693147	0.693147
妹子	59.9048	0.693147	0.693147
敌人	59.3396	0.693147	0.693147
回家	58.903	1.94591	1.94591
这样	58.8498	2.55779	2.35985
愿去	58.648	0.693147	0.693147
种事	58.2407	0.693147	0.693147
面前	57.8391	0.693147	0.693147
方面	57.8391	0.693147	0.693147
美国	57.3643	1.38629	1.60944
没有什么	57.3556	0.636514	1.03972
我的爱人	57.1818	0.693147	0.693147
我发我发	57.1818	0.693147	0.693147
我们一直	57.1818	0.693147	1.09861
然后	57.0522	1.38629	1.38629
唯一	56.9746	1.60944	1.60944
意又	56.1607	0.693147	0.693147
却很	56.1607	0.693147	0.693147
日跟	55.9111	0.693147	0.693147
带着	55.8491	0.693147	0.693147
什么时候	55.3778	1.09861	1.09861
更加	54.8547	1.38629	1.38629
里面	54.2241	1.09861	1.09861
业生	54.1075	0.693147	0.693147
爱护	53.4183	1.09861	0.693147
恋爱	53.4183	0.693147	0.693147
下午	52.581	0.693147	0.693147
夜晚	52.3077	0.693147	0.693147
整个	52.0911	0.693147	0.693147
年回	52.0911	0.562335	0.562335
你俩	51.5574	1.09861	1.09861
这些	51.519	2.21025	2.36938
某人	50.8625	0.693147	1.09861
好的活动	50.8625	0.636514	1.09861
站在	50.32	0.693147	0.693147
发赢	50.2913	0.410116	1.74787
说话	49.9206	1.33218	0.950271
事实	49.9206	0.693147	0.693147
姐所	49.7233	0.693147	0.693147
风情	49.3333	0.693147	0.693147
再也	48.8923	1.33218	1.56071
发展	48.8544	0.693147	0.693147
一般	48.8354	1.79176	1.79176
美女	48.7597	1.38629	1.38629
掉了	48.6184	0.562335	1.38629
几个	48.6184	1.03972	1.38629
起因	48.3846	0.693147	0.693147
家超	48.3846	0.693147	0.693147
怎样	48.2609	1.09861	0.636514
太强	48.2609	1.09861	0.636514
一份	47.8587	1.35178	1.35178
高中	47.6515	1.38629	1.03972
学会	46.7549	1.90615	2.07944
看完	46.5926	1.09861	1.03972
前行	46.5926	0.693147	0.693147
从没	46.25	0.693147	0.693147
多少	46.1482	0.562335	1.60944
天空	45.9627	0.950271	1.33218
打动	45.5797	0.636514	0.636514
来试	45.31	0.410116	0.410116
先生	45.0896	0.693147	0.693147
那种	44.9286	0.693147	0.693147
了解	44.8785	0.37677	0.37677
走起	44.6627	1.09861	1.09861
整天	44.6495	0.693147	0.693147
那么	44.5803	2.47996	2.03196
等着	44.5047	1.09861	1.09861
但是	44.3292	2.63906	2.40364
时光	44.2958	0.693147	0.693147
支持希望	43.8328	0.693147	0.693147
哭了	43.7565	1.09861	1.09861
别人	43.5157	2.54004	2.30462
就像	43.2005	1.38629	1.60944
点儿	42.8134	1.09861	1.09861
花心	42.7165	1.74787	1.74787
再次	42.7165	0.693147	0.693147
迎来	42.5359	0.693147	0.693147
支持你们	42.3213	0.693147	0.693147
两个	42.0736	1.79176	1.56071
一句	42.0736	1.66746	1.38629
持多	41.9858	0.37677	0.37677
子连	41.9333	0.693147	0.693147
过节	41.3816	0.693147	0.693147
很懂	41.3816	0.693147	0.693147
不断	40.69	0.636514	0.636514
每天都来	40.6025	0.636514	0.636514
时才	40.499	1.94591	1.94591
女神	40.3205	0.693147	0.693147
所有	39.9524	2.58857	1.83461
成为	39.9365	1.03972	1.03972
广大	39.6533	0.693147	0.693147
四人	39.5597	0.693147	0.693147
那样	39.0683	1.60944	1.60944
一直	39.0683	1.9356	2.35167
只为	38.8272	1.60944	1.60944
儿女	38.3537	0.636514	0.636514
最深	38.1212	0.693147	0.693147
你不懂我	38.1212	0.693147	0.693147
中奖	38.1212	1.09861	1.09861
国家	37.9487	1.33218	1.60944
很多	37.6396	2.04319	2.04319
过所	37.6196	1.33218	0.673012
懂得	37.4777	1.09861	1.09861
话让	37.4405	0.693147	0.693147
耻的	37.4405	0.693147	0.693147
的天空如	37.4405	0.693147	0.693147
最美好的	37.4405	0.693147	0.693147
最流行的	37.4405	0.693147	0.693147
来测	37.2189	0.693147	0.693147
快来	37.2189	2.16598	2.08443
没干	37	0.693147	0.693147
自己的心	36.7836	0.693147	0.693147
常为	36.7836	0.693147	0.693147
好像	36.5167	1.90615	2.07944
最强	36.4638	0.693147	0.693147
写了	36.4638	0.693147	0.693147
个字	36.4638	0.636514	0.636514
少女	36.1494	1.09861	1.09861
出第	36.1494	0.693147	0.693147
看见	35.8405	0.950271	0.950271
同时	35.4366	0.636514	1.09861
邀你	34.3716	0.693147	0.693147
关于	34.2313	0.693147	0.693147
一款	34.1848	0.636514	0.636514
一例	34.1848	0.636514	0.636514
活动支持	34.0921	0.693147	0.693147
不灵	33.9084	0.693147	0.693147
不止	33.9084	0.693147	0.693147
不仅	33.9084	0.693147	1.09861
完想	33.5467	0.693147	0.693147
出来	33.3687	2.45831	1.95126
以为	32.7604	1.56071	1.79176
睡着	32.7391	0.693147	0.693147
感动	32.5569	1.33218	1.33218
和被	32.381	0.693147	0.693147
时已	32.2151	0.693147	0.693147
出现	32.1328	0.693147	0.693147
多年	31.8642	0.500402	1.60944
跟这	31.8481	1.09861	0.636514
发现	31.6649	1.73287	1.66746
机会	31.5288	0.950271	1.60944
关心	31.5288	1.38629	1.38629
有那么多	31.3911	0.693147	0.693147
他们	31.3585	1.09861	1.09861
一种	31.3361	1.8393	2.09815
才能	31.2547	1.09861	1.09861
欢乐	31.0617	0.693147	0.693147
强大	31.033	1.03972	1.03972
想起	30.9662	1.24245	1.79176
伤心	30.653	1.38629	1.38629
行动	30.3865	1.09861	1.09861
姐真	30.3865	0.693147	0.693147
个性	30.3865	1.09861	1.09861
过客	30.0957	0.693147	0.693147
两天	30.0526	1.05492	1.60944
会更	29.9524	1.38629	1.38629
不一样的	29.9524	0.636514	1.03972
大奖	29.74	1.05492	1.60944
不知	29.3261	2.33837	0.463414
一阵	29.3012	1.09861	0.636514
晚上	29.1429	0.693147	0.636514
有些	29.083	2.19722	1.69574
就再	28.9862	1.38629	1.03972
给他	28.9195	0.693147	0.693147
倒下	28.9195	0.693147	0.693147
着头	28.7707	0.693147	0.693147
想做	28.7543	1.09861	0.636514
不错	28.6917	1.97225	2.09827
不懂	28.5544	1.66746	1.90615
变得	28.483	1.09861	1.09861
娃的	28.0804	1.09861	1.09861
主动	28.0491	0.693147	0.693147
看看	28.0418	1.96524	2.20479
六一	27.9694	1.73287	1.67699
陪在	27.9556	0.693147	0.693147
小时	27.5618	1.54983	0.682908
还有	27.4672	2.61563	2.40364
远大	27.4523	0.693147	0.693147
没伤	27.4074	0.693147	0.693147
才会	27.385	1.38629	1.38629
美好的一	27.3478	0.693147	0.693147
一条	27.3478	1.38629	1.38629
今年	27.2294	0.693147	0.693147
想知	27.2	1.09861	0.636514
的感觉不	27.1267	0.693147	0.693147
不谈	27.1267	0.693147	0.693147
开水	27.0538	0.693147	0.693147
为谁	26.8803	0.693147	0.693147
更新	26.6525	0.693147	0.693147
笑话	26.6243	0.693147	0.693147
卡就	26.4286	0.693147	0.693147
商人	26.3732	0.693147	0.693147
一个	26.2579	3.20946	3.29448
竟是	26.2357	0.693147	0.693147
还等	26.2083	0.693147	0.693147
以前	26.2083	0.693147	0.693147
大学	26.1131	1.56071	1.94591
要做	25.9048	0.950271	1.60944
第一	25.6386	2.04319	2.02533
一定	25.6386	2.36938	1.4735
女儿	25.5691	0.693147	0.693147
完了	25.5246	1.56071	1.94591
顺心	25.4656	0.693147	0.693147
错过	25.4656	0.693147	0.693147
好热	25.4313	0.693147	1.09861
久不	25.4313	0.636514	0.636514
水中	25.4141	0.693147	0.693147
去吃	25.4141	0.693147	0.693147
一起	25.2441	2.57787	2.92069
要死	25.1852	0.693147	0.693147
在路	25.16	1.60944	0.500402
这么好的	24.9603	0.693147	0.693147
真实	24.9603	0.693147	0.693147
的职	24.9603	0.693147	0.693147
的减肥药	24.9603	0.693147	0.693147
是你们的	24.9603	0.693147	0.693147
一首	24.8617	1.03972	1.38629
心情	24.8289	2.02533	2.04319
只有	24.4153	2.16396	2.30259
能吃	24.3092	0.693147	0.693147
又要	24.2857	1.09861	1.09861
重要	23.8596	0.693147	0.693147
又到	23.8559	0.693147	0.636514
才是	23.6121	2.19722	2.04319
长也	23.3179	0.693147	0.693147
每一	23.2457	2.50703	1.90542
总是	22.9562	1.79176	1.56071
越多	22.9422	1.09861	1.09861
的事情你	22.9144	0.693147	0.693147
么多	22.8237	0.655482	1.89379
会放	22.8209	0.693147	0.693147
决不	22.6056	1.03972	1.03972
什么都不	22.6056	0.693147	0.693147
人物	22.6056	1.03972	1.03972
感情	22.4643	1.09861	0.693147
想吃	22.3644	0.693147	0.693147
多云	22.305	0.693147	0.693147
听到	22.2655	0.693147	0.693147
让人	22.2524	1.94591	1.47508
卡在	22.2	1.09861	1.09861
太可	22.0896	1.38629	0.693147
有限	21.9738	0.693147	0.693147
有奖	21.9738	1.05492	1.09861
来玩	21.8935	0.950271	0.950271
都没	21.7647	1.74787	1.94591
一次	21.5904	2.21025	2.27187
当时	21.4767	0.693147	0.693147
自信	21.3946	1.09861	0.693147
行中	21.1785	0.693147	0.693147
日子	20.9667	0.636514	1.09861
听说	20.9667	1.09861	1.09861
后后	20.9579	0.693147	0.693147
到高	20.8739	1.09861	1.09861
酸了	20.8364	0.693147	0.693147
疯了	20.8364	0.693147	0.693147
心里	20.6908	1.56071	1.79176
起来	20.6136	1.83102	1.73287
多谢	20.5892	0.693147	0.693147
那才	20.5388	0.693147	0.693147
明明	20.5388	1.09861	1.09861
一辈	20.5109	1.09861	0.636514
一口	20.5109	0.636514	0.636514
业不	20.345	0.636514	0.636514
无力	20.2007	0.693147	0.693147
话说	19.9683	0.693147	0.693147
这种	19.9051	1.09861	1.09861
大量	19.8266	0.693147	0.693147
人送	19.7799	0.693147	0.693147
不住	19.7799	1.74787	1.47508
爱你蛋糕	19.7488	0.636514	0.636514
也来	19.7305	0.983088	1.31437
算是	19.6767	1.09861	1.09861
你所有的	19.6409	0.693147	0.693147
就祝	19.5342	0.693147	0.693147
一根	19.5342	0.693147	0.693147
最美	19.5039	0.636514	0.636514
在线	19.3538	0.693147	0.693147
一样	19.3218	1.94593	1.63135
成就	19.2551	0.636514	0.636514
猫我	19.0606	0.693147	0.693147
去听	19.0606	0.693147	0.693147
也很	18.9458	1.24245	1.60944
上次	18.9173	0.693147	0.693147
个月	18.8606	0.636514	1.09861
极的	18.7202	1.09861	1.09861
住就	18.7202	0.693147	0.693147
不能	18.6742	2.78779	2.8571
来的时候	18.6095	0.693147	0.693147
看到	18.5546	2.16396	2.16396
人气	18.5436	1.05492	1.05492
不够	18.4955	1.09861	0.636514
谁会	18.4322	0.693147	0.693147
次看	18.3918	1.09861	1.09861
这两	18.3739	1.09861	0.636514
还是	18.365	2.31142	2.56495
只是	18.365	2.16396	2.16396
爆了	18.2319	0.693147	0.693147
交了	18.2319	0.693147	0.693147
去年	18.153	0.693147	0.693147
成都	18.1224	0.693147	1.09861
大海	17.844	0.693147	0.693147
真情	17.4722	0.636514	0.636514
子里	17.4722	0.693147	0.693147
好玩	17.4528	1.60944	0.950271
主要	17.4359	0.693147	0.693147
们才	17.3219	0.693147	0.693147
女人	17.3074	1.90615	1.90615
地方	17.2921	1.09861	1.09861
多图	17.2684	0.693147	0.693147
个人	17.1999	1.44936	2.43712
要去	17.1717	1.33218	1.60944
一声	17.0924	0.693147	0.693147
一位	17.0924	1.38629	1.38629
天都	17.0719	0.535961	1.95126
么样	16.9599	0.562335	1.38629
去只	16.9428	0.693147	0.693147
品都	16.9143	0.693147	0.693147
过分	16.8332	0.636514	1.09861
想说	16.7733	0.636514	1.09861
天又	16.7436	0.636514	1.09861
美好	16.5599	1.74787	0.410116
有收	16.4803	1.09861	0.636514
就是	16.3973	2.75555	2.82156
也要	16.3855	1.79176	1.79176
睡不	16.3696	1.74787	0.410116
太太	16.3235	0.636514	0.636514
架了	16.2061	0.693147	0.693147
你爱	16.2006	0.124251	0.124251
回来	16.1821	1.60944	1.60944
学费	16.1489	0.693147	0.693147
真心	16.0928	1.79176	1.54983
冷的	16.0459	0.636514	0.636514
丽的	16.0459	0.562335	1.38629
好几	15.8239	0.693147	0.693147
很想	15.725	0.636514	1.09861
来呢	15.6711	0.693147	0.693147
怕了	15.6273	0.636514	1.09861
了结	15.6273	1.09861	1.09861
三天	15.6273	0.693147	1.09861
啊泪	15.5693	1.09861	0.636514
心等	15.5181	0.636514	1.09861
动力	15.5165	0.693147	0.693147
就睡	15.4926	0.693147	0.693147
都能	15.3209	1.60944	1.60944
不再	15.3135	1.94591	1.94591
去想	15.2485	0.636514	1.09861
下次	15.2208	0.693147	0.693147
过去	15.0478	1.09861	1.09861
静的	14.9762	1.03972	1.38629
的类	14.9762	0.693147	0.693147
会让	14.9762	0.693147	0.693147
无意	14.8349	0.693147	0.693147
无以	14.8349	0.693147	0.693147
很好	14.8349	1.49418	1.66746
使人	14.8349	0.693147	0.693147
希望微博	14.8116	1.09861	1.09861
在她	14.8	0.693147	0.693147
每个	14.5855	1.09861	1.03972
唱了	14.5855	0.693147	0.693147
不敢	14.5322	1.38629	1.38629
们很	14.2093	1.09861	1.09861
要让	14.1667	0.693147	0.693147
楚的	14.0402	0.636514	0.636514
个夜	14.0245	0.693147	0.693147
最最	13.9778	0.693147	0.693147
对手	13.7261	0.693147	0.693147
也可	13.5731	1.09861	0.636514
发布	13.5707	0.801819	0.801819
望到	13.4942	0.693147	0.693147
也只	13.4726	0.693147	0.693147
也太	13.3735	0.636514	1.09861
忘了	13.2596	0.693147	0.693147
了一个人	13.2596	0.693147	0.693147
学生	13.197	1.09861	1.09861
下去	13.1452	1.09861	1.09861
而是	13.1178	1.38629	1.38629
大儿	13.0566	1.09861	0.636514
那个	13.0228	1.60944	1.60944
样的	13.0228	1.51109	2.61563
会被	12.9524	0.693147	0.693147
你从	12.8893	0.693147	1.09861
赢了	12.8696	1.09861	0.693147
一场	12.8193	0.636514	1.09861
人家	12.7808	1.47508	1.94591
没用	12.7586	0.693147	0.693147
亲人	12.7156	1.09861	0.636514
陪我	12.7071	0.693147	0.693147
我吗	12.7071	0.562335	1.09861
着想	12.6591	0.693147	0.693147
想着	12.6591	0.693147	0.693147
得到	12.6031	2.07944	1.74787
天开	12.6027	1.33218	0.500402
会有	12.5565	1.9792	2.45831
帮你	12.4988	0.693147	0.693147
的事	12.4802	2.48491	1.42057
一部	12.4308	0.693147	0.693147
药不	12.3303	0.693147	0.693147
他人	12.2772	1.09861	1.09861
人他	12.2772	0.636514	1.09861
不会	12.2716	2.26023	2.69801
要被	12.2523	0.693147	0.693147
要知	12.2523	0.693147	0.693147
死了	12.1546	1.09861	0.693147
住了	12.1546	0.562335	1.38629
祝你	11.9553	1.60944	1.60944
大把	11.896	0.693147	0.693147
想出	11.5678	0.693147	0.693147
大图	11.5122	0.693147	0.693147
谁来	11.452	0.693147	0.693147
饭我	11.4364	0.693147	0.693147
都被	11.4286	0.693147	0.693147
个女	11.3949	1.09861	0.636514
多多	11.3898	1.03972	1.03972
还要	11.3333	1.09861	1.09861
情就	11.2321	1.09861	1.09861
错了	11.2196	1.03972	1.38629
收到	11.1327	0.693147	0.693147
一点	11.1299	1.74787	1.79176
转变	11.1204	0.693147	0.693147
爱但	11.0521	0.693147	0.693147
要开	10.9677	1.09861	0.636514
微笑	10.963	1.03972	1.09861
收了	10.9391	1.09861	0.693147
分手	10.9344	0.693147	0.693147
学到	10.8612	0.693147	0.693147
都是	10.8029	2.61563	2.43079
本是	10.8029	0.693147	0.693147
好比	10.789	0.693147	0.693147
天睡	10.7775	0.693147	0.693147
那一	10.7438	2.16396	1.89379
让你	10.7411	1.33218	1.33218
个国	10.7246	1.09861	0.636514
的黑	10.6973	1.38629	1.38629
最爱	10.6837	1.03972	1.09861
只会	10.6497	0.693147	0.693147
了泪	10.6353	1.94591	1.56071
又来	10.634	0.693147	0.693147
么晚	10.5426	0.693147	0.693147
愿一	10.5184	0.693147	0.693147
句不	10.4333	0.693147	0.693147
不见	10.4333	0.562335	0.562335
不愿	10.4333	0.693147	0.693147
识了	10.4182	0.693147	0.693147
算了	10.4182	0.693147	0.693147
了而	10.4182	1.38629	1.38629
帮我	10.3967	0.693147	0.693147
乐小	10.3539	0.693147	0.693147
在这	10.3506	0.754997	0.485094
到了	10.326	2.68595	2.5993
博主	10.2401	0.693147	0.693147
有点	10.2204	1.60944	1.60944
真是	10.2028	1.94591	1.73287
人才	10.1725	0.693147	1.09861
想去	10.1657	0.693147	0.693147
那时	10.1247	0.693147	0.693147
到今	10.1207	1.09861	0.636514
只要	10.0741	1.38629	1.38629
都会	10.068	1.60944	1.60944
就可	10.0586	1.09861	0.636514
的时	10.0193	2.87148	0.536665
你也	9.93877	1.36671	1.09861
心每	9.93158	0.636514	0.636514
都很	9.91071	1.09861	1.09861
就没	9.91071	1.09861	0.636514
数人	9.88994	0.693147	0.693147
真的	9.88013	2.4337	2.27447
我才	9.8026	1.33218	0.636514
家这	9.79942	1.38629	1.38629
被人	9.62264	1.09861	1.09861
有强	9.55383	0.693147	0.693147
道大	9.39156	0.693147	0.693147
与你	9.37407	0.693147	1.09861
的优	9.36012	0.693147	0.693147
一名	9.32312	1.03972	1.38629
国人	9.30818	1.03972	1.38629
觉心	9.19591	0.693147	0.693147
是收	9.18248	0.693147	0.693147
是吃	9.18248	1.09861	0.636514
别是	9.18248	0.636514	1.09861
跟你	9.16576	0.693147	0.693147
安爱	9.15742	0.693147	0.693147
受了	9.11594	0.693147	0.693147
们一	9.06103	1.15959	1.67263
懂我	9.02871	0.636514	1.09861
天下	8.98122	1.05492	1.05492
得着	8.95692	0.693147	0.693147
好好	8.95692	2.47996	2.51266
是真	8.92741	1.15374	0.9557
给大	8.92199	1.09861	0.636514
周一	8.91777	1.09861	1.09861
有梦	8.78952	0.693147	0.693147
品有	8.78952	0.693147	0.693147
对你	8.77572	1.56071	1.24245
也会	8.66093	1.09861	1.09861
因你	8.5929	0.693147	0.693147
用啊	8.58996	0.693147	0.693147
装了	8.57971	0.693147	0.693147
给我	8.57727	1.83102	1.83102
就会	8.55782	1.33218	1.33218
么能	8.47995	0.636514	1.09861
着就	8.47709	0.693147	0.693147
人信	8.47709	0.693147	0.693147
不是	8.41521	2.73795	3.35247
做了	8.33458	1.38629	1.03972
边的	8.32011	1.03972	1.38629
的童	8.32011	1.03972	0.693147
座的	8.32011	0.693147	0.693147
所能	8.28722	0.693147	0.693147
个去	8.28722	0.636514	1.09861
有多	8.18173	1.94591	1.47508
也不	8.17069	2.30259	2.16396
一年	8.13923	1.33218	1.60944
失了	8.10306	0.693147	0.693147
持你	8.08743	0.450561	1.0114
一本	8.04348	0.693147	0.693147
给你	8.02004	1.94591	1.94591
都不	7.97844	2.34199	2.30462
本不	7.97844	0.693147	0.693147
感到	7.95196	0.693147	0.693147
好身	7.91195	0.693147	0.693147
好只	7.91195	1.09861	1.09861
万人	7.91195	0.693147	0.693147
于是	7.8707	1.38629	1.03972
定在	7.8625	0.693147	0.693147
在等	7.8625	0.693147	0.693147
再好	7.65673	0.693147	0.693147
觉是	7.65207	0.636514	1.09861
是男	7.65207	0.693147	0.693147
是总	7.65207	0.693147	0.693147
们都	7.642	1.03972	1.38629
跟我	7.62424	0.693147	0.693147
我请	7.62424	0.693147	0.693147
待我	7.62424	0.693147	0.693147
都要	7.61905	1.38629	1.38629
一杯	7.59662	0.693147	0.693147
一张	7.59662	0.636514	1.09861
得了	7.56795	0.759547	1.54031
要说	7.55556	0.693147	0.693147
要喝	7.55556	0.693147	0.693147
量不	7.53519	0.693147	0.693147
心中	7.52392	1.09861	1.09861
的歌	7.4881	1.09861	1.09861
尽的	7.4881	0.693147	0.693147
美爱	7.45371	0.693147	0.693147
来说	7.44379	1.09861	1.09861
得很	7.41745	1.09861	1.09861
好很	7.41745	0.562335	0.562335
全是	7.34599	0.693147	0.693147
得起	7.30334	0.693147	0.693147
能在	7.29275	1.38629	1.38629
吃了	7.29275	0.693147	1.09861
让我	7.14773	1.03972	1.03972
的时候我	7.14773	0.693147	0.693147
场我	7.14773	0.693147	0.693147
常不	7.1386	0.693147	0.693147
不该	7.1386	0.693147	0.693147
笑这	7.07736	0.693147	0.693147
是谁	7.06345	0.693147	0.693147
看中	7.05948	0.693147	0.693147
去看	7.05948	0.693147	0.693147
么也	7.04959	0.636514	1.09861
子都	7.04762	0.693147	0.693147
就很	7.02009	0.693147	0.693147
经不	7.01552	0.636514	1.09861
人都	6.98113	1.38629	1.90615
这是	6.97404	2.3979	1.90728
起就	6.91209	0.693147	0.693147
可是	6.8526	1.79176	1.79176
改的	6.80736	0.693147	0.693147
和我	6.80736	1.60944	1.60944
去就	6.80736	0.693147	0.693147
切的	6.80736	0.562335	1.38629
一个人的	6.80736	1.09861	1.09861
得越	6.78167	0.693147	0.693147
着大	6.73357	0.693147	0.693147
大无	6.73357	0.693147	0.693147
天上	6.69743	1.09861	0.636514
得时	6.68615	0.693147	0.693147
为爱	6.67728	0.636514	0.636514
也是	6.63794	1.94591	1.94591
去了	6.62978	1.24245	1.60944
看得	6.59329	1.09861	1.09861
事好	6.59329	0.693147	0.693147
要能	6.57005	0.693147	0.693147
实是	6.55892	0.693147	0.693147
又是	6.55892	1.09861	1.09861
萌的	6.51139	1.03972	1.03972
放一	6.51139	0.636514	0.636514
家都	6.50549	0.693147	0.693147
等你	6.44467	1.05492	0.500402
会想	6.38984	0.693147	0.693147
来吧	6.38039	0.693147	1.09861
一天	6.36984	1.98697	2.75167
就好	6.35782	1.79176	1.33218
人感	6.35782	0.562335	1.03972
吗我	6.35354	0.693147	0.693147
爱过	6.32585	0.636514	0.636514
还在	6.29	1.09861	1.09861
一下	6.28686	1.73287	1.55958
比你	6.24938	0.693147	0.693147
当你	6.24938	1.09861	1.38629
你比	6.24938	0.693147	0.693147
你客	6.24938	0.693147	0.693147
行的	6.24008	1.32966	1.79176
的男	6.24008	1.38629	1.03972
的慢	6.24008	0.693147	0.693147
死的	6.24008	1.09861	1.09861
爱哦	6.16365	0.693147	0.693147
大出	6.15309	0.693147	0.693147
看过	6.1306	0.693147	0.693147
是想	6.12165	1.05492	1.33218
是别	6.12165	0.693147	0.693147
就要	6.07143	1.09861	1.09861
一些	6.03261	1.09861	1.09861
上最	5.99048	0.693147	0.693147
些不	5.98383	0.636514	1.09861
泪我	5.95644	1.03972	0.950271
子大	5.94799	0.693147	0.693147
最好	5.93396	1.09861	1.09861
我他	5.91536	0.636514	0.636514
过就	5.91165	0.693147	0.693147
的眼	5.91165	1.09861	1.09861
信心	5.91165	0.693147	0.693147
看这	5.8978	1.03972	0.562335
很可	5.86754	0.693147	0.693147
在美	5.85116	0.693147	0.693147
不出	5.84627	1.60944	1.33218
后我	5.83488	1.33218	1.60944
变了	5.8342	0.693147	0.693147
乐天	5.7879	0.693147	0.693147
的脑	5.76007	0.693147	0.693147
的神	5.76007	1.38629	1.38629
这也	5.75568	1.09861	1.03972
说你	5.7286	1.60944	1.33218
持了	5.71981	0.562335	1.03972
人也	5.71948	0.693147	1.38629
也好	5.71948	1.38629	1.38629
把我	5.71818	1.09861	1.09861
我还	5.71818	1.79176	1.24245
我哥	5.71818	0.693147	0.693147
我听	5.71818	0.693147	0.693147
会自	5.70522	0.693147	0.693147
觉不	5.65139	0.636514	1.09861
真不	5.65139	1.33218	0.867563
都想	5.6381	0.693147	0.693147
夜了	5.60981	0.693147	0.693147
了哦	5.60981	0.693147	0.693147
天实	5.58119	0.693147	0.693147
么会	5.57254	0.636514	1.09861
人很	5.56309	0.636514	1.09861
用手	5.56145	0.693147	0.693147
么好	5.51996	1.0114	1.24245
天在	5.46957	0.410116	0.796312
品一	5.46957	0.693147	0.693147
是自	5.46576	1.56071	0.450561
年我	5.44589	1.38629	1.03972
过你	5.42709	1.56071	1.79176
中大	5.40726	0.693147	0.693147
不过	5.35395	1.79176	1.56071
的老	5.34864	1.38629	1.38629
热的	5.34864	0.693147	0.693147
心开	5.33956	0.693147	0.693147
主你	5.28794	0.693147	0.693147
神一	5.2592	0.693147	0.693147
是那	5.24713	1.38629	1.38629
在里	5.24167	0.693147	0.693147
在为	5.24167	1.09861	1.09861
走不	5.21667	0.693147	0.693147
不像	5.21667	0.693147	0.693147
了老	5.20911	0.693147	0.693147
么想	5.20103	0.636514	1.09861
有人	5.1825	2.02533	2.27187
面的	5.1642	1.03972	1.38629
下来	5.13365	1.09861	1.09861
的名	5.10552	1.09861	0.636514
你伤	5.09209	0.693147	0.693147
为了	5.06441	1.60944	1.33218
好多	5.05018	1.03972	1.09861
了睡	5.02949	0.693147	0.693147
都来	5.00423	0.562335	1.03972
姐我	4.97233	0.693147	0.693147
们的	4.96199	1.12095	2.27187
真好	4.94497	0.693147	1.09861
又一	4.88354	0.693147	0.693147
了三	4.86184	0.693147	0.693147
天天	4.85321	1.60944	1.60944
又不	4.84405	0.693147	0.693147
能有	4.77691	1.09861	1.09861
为你	4.77383	1.60944	1.60944
的人	4.76836	3.35499	3.17608
的活	4.75435	1.21301	0.37677
好想	4.74717	0.693147	1.09861
少一	4.71514	0.693147	0.693147
一片	4.71514	0.693147	0.693147
了再	4.705	0.693147	0.693147
里的	4.68006	1.79176	1.79176
的目	4.68006	1.09861	1.09861
的原	4.68006	0.693147	0.693147
意的	4.68006	1.38629	1.38629
少不	4.67701	0.693147	0.693147
不用	4.67701	1.09861	1.38629
小说	4.65926	0.693147	0.693147
有时	4.64235	0.693147	0.636514
都有	4.61634	1.33218	1.33218
心真	4.59795	0.693147	0.693147
是最	4.59124	1.09861	1.09861
把你	4.58288	0.693147	0.693147
的小	4.57606	2.27187	2.3979
人走	4.56459	0.693147	0.693147
一只	4.55797	1.09861	1.09861
们在	4.54699	0.636514	0.636514
不说	4.52111	0.636514	1.03972
不想	4.52111	1.33218	1.60944
起了	4.48785	1.38629	1.38629
不得	4.47846	1.90615	1.66746
心就	4.43374	1.09861	1.09861
夜我	4.3986	0.693147	0.693147
像我	4.3986	0.693147	0.693147
看着	4.39553	0.693147	0.693147
来没	4.3787	0.693147	0.693147
我去	4.33196	1.38629	1.60944
的错	4.32005	0.636514	0.636514
定你	4.29645	0.693147	0.693147
玩了	4.28986	0.693147	0.693147
这就	4.26537	1.09861	0.636514
想这	4.24641	0.693147	0.693147
定不	4.23854	0.693147	0.693147
以不	4.23854	0.562335	1.03972
不等	4.23854	0.693147	0.693147
我伤	4.23569	0.693147	0.693147
动了	4.22768	0.693147	1.03972
心爱	4.21723	1.38629	0.562335
发出	4.21158	0.693147	0.693147
情在	4.19333	0.693147	0.693147
你当	4.16625	0.693147	0.693147
的陪	4.16005	0.693147	0.693147
的伤	4.16005	1.09861	1.09861
性的	4.16005	0.693147	0.693147
看来	4.13544	0.636514	1.09861
啊哈	4.12888	1.09861	0.562335
不去	4.1101	1.38629	1.03972
我又	4.08442	0.693147	0.693147
是太	4.05109	0.636514	1.09861
新人	4.02303	0.693147	0.693147
的感	4.01148	1.24245	0.450561
你能	3.98511	0.636514	0.562335
有个	3.98076	1.60944	1.60944
是我	3.96516	2.69231	2.28995
还好	3.95597	0.693147	0.693147
好给	3.95597	0.693147	0.693147
对是	3.90744	0.693147	0.693147
上一	3.90683	1.09861	1.03972
不安	3.87524	0.693147	0.693147
是女	3.82603	0.693147	0.693147
我把	3.81212	0.693147	0.693147
看不	3.7676	1.24245	1.27703
事不	3.7676	0.693147	0.693147
不为	3.7676	1.38629	1.38629
门的	3.74405	0.693147	0.693147
的金	3.74405	0.693147	0.693147
的身	3.74405	1.09861	1.09861
的白	3.74405	0.693147	0.693147
的同	3.74405	1.09861	0.636514
的作	3.74405	0.693147	0.693147
白的	3.74405	0.693147	0.693147
前的	3.74405	1.09861	1.09861
了个	3.69922	1.74787	1.74787
小心	3.67836	0.693147	0.693147
一生	3.67578	1.33218	1.33218
是全	3.67299	0.693147	0.693147
情有	3.6623	0.693147	0.693147
家人	3.65167	0.693147	0.693147
说了	3.64638	1.09861	1.09861
了还	3.64638	1.09861	0.636514
就不	3.63304	1.79176	1.79176
有好	3.62775	0.9557	0.9557
了啊	3.61027	1.60944	1.38629
里我	3.57386	1.09861	1.09861
有开	3.54416	0.693147	0.693147
到我	3.54224	1.54983	1.54983
是你	3.51242	2.5666	2.11865
的意	3.51004	1.09861	1.09861
的很	3.51004	0.450561	1.56071
定的	3.51004	0.636514	1.09861
在真	3.49444	0.693147	0.693147
点的	3.48283	1.38629	1.38629
年了	3.47274	0.693147	0.693147
当我	3.46556	0.693147	0.693147
能好	3.43998	0.693147	0.693147
人能	3.43998	0.693147	0.693147
有高	3.43341	0.693147	0.693147
的比	3.40368	0.693147	0.693147
何的	3.40368	0.693147	0.693147
是现	3.40092	0.693147	0.693147
还不	3.39084	1.09861	1.09861
就在	3.36964	1.09861	1.09861
啊不	3.35726	1.60944	1.33218
在想	3.35467	0.693147	0.693147
是要	3.309	1.38629	1.38629
的没	3.30357	1.79176	1.79176
好看	3.29665	1.09861	1.09861
人真	3.29665	0.693147	0.693147
人为	3.29665	0.693147	0.693147
你和	3.27348	1.09861	1.09861
心心	3.26697	0.636514	0.693147
了可	3.26541	1.09861	1.09861
的强	3.25569	0.693147	0.693147
笑了	3.24122	0.693147	0.693147
了只	3.24122	0.693147	0.693147
来一	3.23643	1.66746	1.66746
了没	3.21739	0.636514	1.09861
了太	3.21739	1.38629	1.38629
的那	3.20918	1.79176	1.56071
做的	3.20918	0.636514	0.636514
上的	3.20918	1.79176	1.79176
以一	3.20482	0.636514	0.636514
有动	3.18461	0.693147	0.693147
看你	3.18255	1.33218	1.60944
你看	3.18255	0.950271	0.950271
好的	3.17891	2.20516	2.50529
然我	3.17677	0.693147	0.693147
乐我	3.17677	0.636514	1.09861
都在	3.17143	1.38629	1.38629
是用	3.16637	0.693147	0.693147
是出	3.16637	0.693147	0.693147
想得	3.16478	0.693147	0.693147
到大	3.15823	0.693147	0.693147
家一	3.15552	0.562335	0.562335
一家	3.15552	0.636514	0.636514
啊这	3.15328	0.693147	0.693147
了我	3.14914	2.87148	2.15456
了那	3.12547	1.09861	0.636514
你所	3.12469	1.38629	1.03972
过得	3.12314	0.693147	0.693147
说的	3.12004	1.33218	1.60944
了好	3.09598	2.19722	1.88916
我就	3.06331	1.94591	1.47508
有真	3.05192	0.693147	0.693147
笑一	3.03865	0.693147	0.693147
一笑	3.03865	0.693147	0.693147
会这	3.03315	0.693147	0.693147
不到	3.00074	1.56071	1.60944
路的	2.99524	0.693147	0.693147
粉的	2.99524	0.693147	0.693147
的星	2.99524	0.693147	0.693147
的变	2.99524	0.693147	0.693147
是一	2.99429	1.90728	1.69878
动一	2.97259	0.636514	0.636514
出我	2.95768	1.09861	1.09861
能不	2.94855	1.09861	1.09861
就有	2.94292	0.693147	0.636514
不上	2.90643	1.38629	1.38629
不对	2.88582	0.693147	0.693147
见的	2.88004	0.693147	0.693147
妈的	2.88004	1.09861	1.09861
夜的	2.88004	0.693147	0.693147
过了	2.87872	1.09861	1.09861
我说	2.85909	1.09861	1.09861
我最	2.85909	0.636514	1.09861
你地	2.83477	1.38629	1.09861
家是	2.82538	0.693147	0.693147
到这	2.81842	0.693147	0.693147
的生	2.8181	1.54983	0.682908
天就	2.79059	0.693147	0.693147
有这	2.78149	1.38629	0.562335
是在	2.75474	1.79176	1.79176
着了	2.75198	0.693147	0.693147
想你	2.74973	1.09861	0.693147
天有	2.72966	0.562335	1.03972
的心	2.70951	2.14584	2.02533
了看	2.70102	1.38629	0.693147
话的	2.67432	0.636514	0.636514
的话	2.67432	1.09861	1.09861
的亲	2.67432	0.693147	0.693147
年的	2.67432	1.09861	1.09861
是个	2.66159	1.38629	1.38629
子这	2.65401	0.693147	0.693147
好小	2.63732	0.693147	0.693147
那是	2.62357	1.09861	1.09861
了就	2.60455	1.38629	1.38629
着你	2.59408	0.693147	0.693147
你好	2.59408	1.66746	2.07944
得不	2.55912	0.562335	1.03972
是为	2.55069	0.693147	0.693147
多人	2.52509	0.693147	0.693147
我太	2.52273	0.636514	1.09861
有所	2.49702	0.693147	0.693147
的说	2.49603	1.38629	1.38629
的水	2.49603	0.693147	0.693147
的前	2.49603	0.693147	0.693147
方的	2.49603	0.693147	0.693147
把的	2.49603	0.693147	0.693147
样我	2.48617	0.693147	0.693147
是被	2.48175	0.693147	0.693147
了分	2.47212	1.09861	1.09861
实你	2.45511	0.693147	0.693147
我那	2.45065	1.09861	1.09861
来的	2.43695	2.09827	2.02533
给了	2.43092	0.693147	0.693147
了最	2.43092	0.693147	0.693147
到一	2.42016	1.38629	1.38629
友的	2.41551	0.693147	0.693147
你在	2.40601	1.79176	1.94591
有你	2.40151	2.04319	2.16396
的对	2.38982	1.09861	1.09861
我真	2.38258	1.09861	0.636514
为我	2.38258	0.636514	0.636514
了一	2.37807	1.9792	1.4735
你出	2.37045	0.693147	0.693147
出一	2.35757	0.693147	0.693147
下一	2.35757	0.636514	0.636514
了生	2.3525	1.09861	1.09861
人啊	2.35008	0.693147	0.693147
在天	2.3441	1.09861	1.09861
好心	2.34235	0.636514	0.636514
人心	2.34235	0.636514	1.09861
的高	2.34003	0.693147	0.693147
的流	2.34003	0.693147	0.693147
受的	2.34003	0.693147	0.693147
多了	2.32747	1.09861	0.693147
后的	2.29227	1.09861	1.09861
了快	2.27899	0.693147	0.693147
大爱	2.27312	0.693147	0.693147
去的	2.26912	1.33218	1.60944
中的	2.26912	1.38629	1.38629
啊我	2.26463	1.60944	1.60944
说不	2.26056	0.693147	0.693147
过我	2.25718	0.636514	1.09861
家了	2.24392	0.693147	0.693147
无人	2.23923	0.693147	0.693147
人不	2.23923	1.79176	1.94591
心不	2.23081	1.03972	1.33218
们是	2.21265	1.09861	1.09861
着我	2.1578	0.693147	0.693147
我不	2.1578	2.56495	1.47508
活不	2.15291	0.693147	0.693147
下的	2.15175	1.33218	1.33218
的吧	2.13946	1.38629	1.38629
明的	2.13946	0.693147	0.693147
的无	2.11927	1.09861	0.636514
起你	2.11517	0.693147	0.693147
起一	2.10368	0.693147	0.693147
了吧	2.08364	0.693147	0.693147
的真	2.08003	1.38629	1.38629
失的	2.08003	0.693147	0.693147
在你	2.0623	1.79176	1.56071
天过	2.05623	0.693147	0.693147
在一	2.05109	1.79176	0.450561
你太	2.02186	0.693147	0.693147
是有	2.00491	1.33218	1.33218
了你	1.99256	2.16396	1.83437
心的	1.97055	2.04319	2.19722
你那	1.96409	0.693147	0.693147
你会	1.96409	1.38629	1.38629
心来	1.95889	0.636514	0.636514
是多	1.95372	0.693147	0.693147
得你	1.94556	0.636514	1.09861
人的	1.94267	1.82008	2.3979
上不	1.93762	0.693147	0.693147
得一	1.93499	0.636514	0.636514
都我	1.92208	0.562335	0.562335
我都	1.92208	1.38629	1.03972
日我	1.90606	0.693147	0.693147
的新	1.90375	0.636514	0.636514
心我	1.88098	0.950271	1.60944
的日	1.87202	1.09861	0.636514
的大	1.85875	2.19722	2.04319
你要	1.85792	1.09861	1.09861
你就	1.84133	1.09861	1.09861
你想	1.83315	0.693147	0.693147
到你	1.82504	1.03972	1.38629
爱我	1.82108	1.60944	0.950271
开的	1.81164	1.09861	1.09861
心你	1.80903	1.38629	1.38629
在那	1.79714	0.693147	0.693147
以我	1.78693	0.693147	0.693147
在大	1.7844	0.693147	0.693147
人在	1.78019	0.636514	1.09861
不了	1.76913	2.19722	2.19722
来来	1.76184	0.693147	0.693147
的美	1.74142	0.693147	0.693147
去我	1.73278	0.693147	0.693147
有快	1.7167	0.693147	0.693147
的今	1.70184	0.693147	0.693147
是看	1.70046	1.09861	1.09861
人大	1.68339	1.09861	1.09861
爱的	1.66932	1.15374	1.94591
你不	1.66762	2.04319	1.67699
和你	1.63674	0.693147	0.693147
有的	1.63496	0.940448	2.16396
我吧	1.63377	0.693147	0.693147
我会	1.63377	1.09861	1.09861
吧我	1.63377	0.693147	0.693147
得我	1.61835	1.09861	1.09861
大的	1.59321	1.24245	1.56071
我看	1.58838	1.09861	1.09861
么不	1.57713	0.636514	1.09861
心好	1.56157	0.693147	0.693147
的泪	1.56002	0.693147	0.693147
的女	1.56002	0.693147	0.693147
下不	1.559	0.693147	0.693147
是新	1.55635	0.693147	0.693147
的地	1.54394	1.38629	1.03972
的后	1.52818	0.693147	0.693147
一小	1.51932	0.693147	0.693147
我到	1.5181	1.09861	1.09861
好爱	1.51184	0.693147	0.693147
的路	1.49762	0.693147	0.693147
的想	1.49762	1.09861	1.09861
变的	1.49762	0.636514	0.636514
你一	1.49442	1.73287	1.66746
是开	1.48105	0.693147	0.693147
有不	1.48071	1.33218	1.33218
国的	1.46825	0.693147	0.693147
生不	1.45842	0.693147	0.693147
不多	1.44291	0.693147	0.693147
长的	1.44002	0.693147	0.693147
的爱	1.43085	1.56071	1.33218
在我	1.42955	1.60944	1.60944
的一	1.42437	2.39591	2.30349
我发	1.38791	1.03972	1.05492
了这	1.3847	1.09861	1.09861
好了	1.37599	1.38629	1.09861
来我	1.35342	1.38629	1.38629
看了	1.35051	0.693147	0.693147
感的	1.33716	0.693147	0.693147
到的	1.32533	1.03972	1.09861
们有	1.32372	0.693147	0.693147
好哈	1.31137	0.693147	0.693147
人是	1.29941	1.09861	1.09861
了来	1.29457	1.09861	1.09861
有了	1.27384	1.03972	1.38629
你是	1.25444	1.60944	1.60944
的最	1.24802	1.09861	1.09861
的哈哈哈	1.24802	0.693147	0.693147
情的	1.24802	0.693147	0.693147
子的	1.24802	0.693147	0.693147
的好	1.23624	1.94591	1.74787
你来	1.22029	0.500402	1.05492
生的	1.20776	1.09861	0.693147
不来	1.20385	0.636514	1.09861
多的	1.19491	1.09861	1.09861
发发	1.18579	0.693147	0.693147
了不	1.17942	1.79176	1.56071
你都	1.15535	0.693147	0.693147
人发	1.15223	0.693147	0.693147
起的	1.15201	0.693147	0.693147
家的	1.15201	0.693147	0.693147
的中	1.13456	0.693147	0.693147
得好	1.11962	0.693147	0.693147
的啊	1.11209	1.09861	1.09861
不一	1.10571	1.33218	0.450561
的太	1.10119	0.693147	0.693147
我你	1.09364	0.796312	1.27703
你我	1.09364	1.47508	1.47508
动的	1.08523	0.693147	0.693147
我好	1.0789	1.38629	1.38629
天我	1.0655	0.636514	1.09861
么一	1.05999	0.693147	0.693147
你去	1.04156	0.693147	0.693147
好有	1.0365	0.693147	0.693147
人了	1.03199	1.09861	1.09861
我来	1.01506	1.09861	1.09861
要的	1.0119	1.09861	1.09861
的就	1.00287	1.09861	1.09861
有我	0.998809	0.867563	0.867563
过的	0.985276	0.693147	0.693147
的过	0.985276	0.693147	0.693147
人一	0.967494	1.09861	1.09861
的天	0.930198	1.38629	0.562335
天的	0.930198	1.33218	1.60944
了爱	0.929013	0.693147	0.693147
的微	0.917659	1.60944	0.673012
你有	0.900566	0.693147	1.09861
心一	0.8996	0.693147	0.693147
的自	0.89144	1.09861	0.636514
加的	0.870709	0.693147	0.693147
么的	0.870709	1.09861	1.09861
可我	0.85346	0.693147	0.693147
发我	0.832745	0.636514	0.636514
个我	0.828722	0.693147	0.693147
的你	0.818371	2.07944	2.07944
的多	0.796606	0.693147	0.693147
我一	0.776927	1.60944	1.33218
我有	0.749107	1.09861	1.09861
的这	0.710895	1.09861	1.09861
看的	0.693342	0.693147	0.693147
不在	0.678167	0.693147	0.693147
个是	0.665397	0.693147	0.693147
发一	0.663782	0.693147	0.693147
不发	0.658415	0.693147	0.693147
好一	0.644996	0.693147	0.693147
不好	0.63978	0.693147	0.693147
了有	0.636922	1.09861	1.09861
的我	0.595644	1.74787	1.74787
一一	0.557361	1.33218	1.33218
的是	0.546576	1.0114	1.79176
的个	0.542616	0.693147	0.693147
的有	0.490487	0.636514	0.636514
天了	0.452966	0.693147	0.693147
天你	0.426976	0.693147	0.693147
的转	0.413707	0.693147	0.693147
的不	0.403671	1.38629	1.38629
你了	0.398511	0.693147	0.693147
我我	0.389876	1.09861	1.09861
你你	0.375646	0.693147	0.693147
了的	0.325569	1.09861	1.09861
一的	0.305221	0.636514	1.09861
凝固度 compute:
while loop ending---
while loop beginning---
Traverse Suffix: 
Traverse ending 
RightInfo: 
LeftInfo: 
Keyword	Solidfication	Linfo	Rinfo
CreateSuffix:
